4  163.000000  5.289003e-01  9.500918e-01  -5.653079e-01  5.289731e-01  -5.705847e-02  -7.811206e-02
5  164.000000  5.289934e-01  1.043460e+00  -5.325161e-01  5.290615e-01  -5.306547e-02  -7.197556e-02
6  165.000000  5.290701e-01  1.125279e+00  -4.972656e-01  5.291334e-01  -4.779322e-02  -6.554879e-02
7  166.000000  5.291355e-01  1.194813e+00  -4.599669e-01  5.291940e-01  -4.183675e-02  -5.861546e-02
8  167.000000  5.291951e-01  1.251463e+00  -4.210259e-01  5.292487e-01  -3.533111e-02  -5.110675e-02
9  168.000000  5.292541e-01  1.294770e+00  -3.808623e-01  5.293028e-01  -2.833689e-02  -4.301805e-02
10  169.000000  5.293173e-01  1.324417e+00  -3.399021e-01  5.293613e-01  -2.091104e-02  -3.438117e-02
11  170.000000  5.293896e-01  1.340231e+00  -2.985749e-01  5.294290e-01  -1.311690e-02  -2.525086e-02
12  171.000000  5.294757e-01  1.342182e+00  -2.573083e-01  5.295106e-01  -5.024472e-03  -1.569726e-02
13  172.000000  5.295796e-01  1.330385e+00  -2.165243e-01  5.296103e-01  3.290794e-03  -5.801328e-03
14  173.000000  5.297053e-01  1.305092e+00  -1.766342e-01  5.297321e-01  1.174918e-02  4.348185e-03
15  174.000000  5.298564e-01  1.266692e+00  -1.380352e-01  5.298794e-01  2.026777e-02  1.465681e-02
16  175.000000  5.300361e-01  1.215702e+00  -1.011059e-01  5.300556e-01  2.876136e-02  2.502602e-02
17  176.000000  5.302470e-01  1.152765e+00  -6.620310e-02  5.302634e-01  3.714349e-02  3.535456e-02
18  177.000000  5.304916e-01  1.078636e+00  -3.365791e-02  5.305052e-01  4.532725e-02  4.553973e-02
19  178.000000  5.307718e-01  9.941749e-01  -3.773219e-03  5.307829e-01  5.322623e-02  5.547848e-02
20  179.000000  5.310892e-01  9.003388e-01  2.317932e-02  5.310982e-01  6.075534e-02  6.506848e-02
21  180.000000  5.314450e-01  7.981678e-01  4.696154e-02  5.314521e-01  6.783172e-02  7.420920e-02
22  181.000000  5.318399e-01  6.887743e-01  6.737072e-02  5.318456e-01  7.437556e-02  8.280293e-02
23  182.000000  5.322744e-01  5.733311e-01  8.424115e-02  5.322789e-01  8.031089e-02  9.075571e-02
24  183.000000  5.327486e-01  4.530580e-01  9.744531e-02  5.327522e-01  8.556644e-02  9.797835e-02
25  184.000000  5.332623e-01  3.292087e-01  1.068945e-01  5.332652e-01  9.007639e-02  1.043873e-01
26  185.000000  5.338147e-01  2.030581e-01  1.125393e-01  5.338174e-01  9.378115e-02  1.099056e-01
27  186.000000  5.344051e-01  7.588813e-02  1.143694e-01  5.344078e-01  9.662807e-02  1.144637e-01
28  187.000000  5.350324e-01  -5.102477e-02  1.124130e-01  5.350352e-01  9.857223e-02  1.180004e-01
29  188.000000  5.356951e-01  -1.764230e-01  1.067361e-01  5.356984e-01  9.957709e-02  1.204633e-01
30  189.000000  5.363918e-01  -2.990802e-01  9.744120e-02  5.363957e-01  9.961519e-02  1.218101e-01
31  190.000000  5.371204e-01  -4.178134e-01  8.466553e-02  5.371252e-01  9.866880e-02  1.220090e-01
32  191.000000  5.378791e-01  -5.314945e-01  6.857927e-02  5.378850e-01  9.673051e-02  1.210395e-01
33  192.000000  5.386658e-01  -6.390608e-01  4.938320e-02  5.386729e-01  9.380373e-02  1.188930e-01
34  193.000000  5.394781e-01  -7.395251e-01  2.730620e-02  5.394866e-01  8.990307e-02  1.155732e-01
35  194.000000  5.403136e-01  -8.319844e-01  2.602526e-03  5.403237e-01  8.505455e-02  1.110967e-01
36  195.000000  5.411699e-01  -9.156279e-01  -2.445125e-02  5.411816e-01  7.929560e-02  1.054931e-01
37  196.000000  5.420443e-01  -9.897437e-01  -5.355933e-02  5.420577e-01  7.267470e-02  9.880495e-02
38  197.000000  5.429342e-01  -1.053725e+00  -8.441002e-02  5.429495e-01  6.525084e-02  9.108730e-02
39  198.000000  5.438370e-01  -1.107073e+00  -1.166791e-01  5.438542e-01  5.709256e-02  8.240720e-02
40  199.000000  5.447500e-01  -1.149402e+00  -1.500334e-01  5.447691e-01  4.827678e-02  7.284268e-02
41  200.000000  5.456705e-01  -1.180442e+00  -1.841342e-01  5.456916e-01  3.888759e-02  6.248155e-02
42  201.000000  5.465959e-01  -1.200037e+00  -2.186408e-01  5.466189e-01  2.901486e-02  5.142006e-02
43  202.000000  5.475235e-01  -1.208145e+00  -2.532142e-01  5.475485e-01  1.875306e-02  3.976155e-02
44  203.000000  5.484508e-01  -1.204841e+00  -2.875201e-01  5.484778e-01  8.200221e-03  2.761512e-02
45  204.000000  5.493755e-01  -1.190309e+00  -3.212324e-01  5.494043e-01  -2.543050e-03  1.509440e-02
46  205.000000  5.502951e-01  -1.164840e+00  -3.540361e-01  5.503257e-01  -1.337446e-02  2.316378e-03
47  206.000000  5.512075e-01  -1.128830e+00  -3.856303e-01  5.512398e-01  -2.419098e-02  -1.059975e-02
48  207.000000  5.521106e-01  -1.082772e+00  -4.157310e-01  5.521444e-01  -3.488982e-02  -2.353370e-02
49  208.000000  5.530025e-01  -1.027249e+00  -4.440735e-01  5.530378e-01  -4.536953e-02  -3.636537e-02
50  209.000000  5.538815e-01  -9.629296e-01  -4.704146e-01  5.539181e-01  -5.553110e-02  -4.897601e-02
51  210.000000  5.547461e-01  -8.905560e-01  -4.945346e-01  5.547838e-01  -6.527906e-02  -6.124953e-02
52  211.000000  5.555949e-01  -8.109398e-01  -5.162393e-01  5.556337e-01  -7.452256e-02  -7.307374e-02
53  212.000000  5.564270e-01  -7.249502e-01  -5.353613e-01  5.564665e-01  -8.317638e-02  -8.434156e-02
54  213.000000  5.572413e-01  -6.335055e-01  -5.517610e-01  5.572814e-01  -9.116168e-02  -9.495209e-02
55  214.000000  5.580372e-01  -5.375631e-01  -5.653275e-01  5.580778e-01  -9.840839e-02  -1.048126e-01
56  215.000000  5.588144e-01  -4.381096e-01  -5.759801e-01  5.588553e-01  -1.048514e-01  -1.138371e-01
57  216.000000  5.595727e-01  -3.361510e-01  -5.836671e-01  5.596136e-01  -1.104352e-01  -1.219491e-01
58  217.000000  5.603120e-01  -2.327021e-01  -5.883669e-01  5.603527e-01  -1.151126e-01  -1.290815e-01
59  218.000000  5.610327e-01  -1.287773e-01  -5.900874e-01  5.610731e-01  -1.188433e-01  -1.351764e-01
60  219.000000  5.617352e-01  -2.538000e-02  -5.888651e-01  5.617750e-01  -1.215945e-01  -1.401847e-01
61  220.000000  5.624201e-01  7.650623e-02  -5.847649e-01  5.624593e-01  -1.233394e-01  -1.440662e-01
62  221.000000  5.630884e-01  1.759273e-01  -5.778785e-01  5.631267e-01  -1.240570e-01  -1.467889e-01
63  222.000000  5.637410e-01  2.719673e-01  -5.683230e-01  5.637783e-01  -1.237312e-01  -1.483281e-01
64  223.000000  5.643791e-01  3.637568e-01  -5.562395e-01  5.644153e-01  -1.223504e-01  -1.486662e-01
65  224.000000  5.650040e-01  4.504805e-01  -5.417912e-01  5.650389e-01  -1.199075e-01  -1.477921e-01
66  225.000000  5.656171e-01  5.313849e-01  -5.251617e-01  5.656507e-01  -1.163995e-01  -1.457011e-01
67  226.000000  5.662199e-01  6.057845e-01  -5.065524e-01  5.662521e-01  -1.118279e-01  -1.423944e-01
68  227.000000  5.668141e-01  6.730677e-01  -4.861804e-01  5.668447e-01  -1.061993e-01  -1.378797e-01
69  228.000000  5.674011e-01  7.327019e-01  -4.642764e-01  5.674302e-01  -9.952592e-02  -1.321711e-01
70  229.000000  5.679826e-01  7.842381e-01  -4.410818e-01  5.680102e-01  -9.182553e-02  -1.252891e-01
71  230.000000  5.685602e-01  8.273137e-01  -4.168463e-01  5.685863e-01  -8.312298e-02  -1.172620e-01
72  231.000000  5.691357e-01  8.616556e-01  -3.918252e-01  5.691601e-01  -7.345036e-02  -1.081252e-01
73  232.000000  5.697105e-01  8.870818e-01  -3.662768e-01  5.697334e-01  -6.284770e-02  -9.792223e-02
74  233.000000  5.702862e-01  9.035016e-01  -3.404600e-01  5.703076e-01  -5.136356e-02  -8.670519e-02
75  234.000000  5.708642e-01  9.109163e-01  -3.146310e-01  5.708842e-01  -3.905552e-02  -7.453479e-02
76  235.000000  5.714460e-01  9.094172e-01  -2.890414e-01  5.714646e-01  -2.599059e-02  -6.148080e-02
77  236.000000  5.720328e-01  8.991843e-01  -2.639354e-01  5.720500e-01  -1.224547e-02  -4.762217e-02
78  237.000000  5.726259e-01  8.804829e-01  -2.395473e-01  5.726418e-01  2.093256e-03  -3.304705e-02
79  238.000000  5.732262e-01  8.536601e-01  -2.160995e-01  5.732410e-01  1.692915e-02  -1.785274e-02
80  239.000000  5.738348e-01  8.191403e-01  -1.938001e-01  5.738485e-01  3.215603e-02  -2.145387e-03
81  240.000000  5.744524e-01  7.774199e-01  -1.728414e-01  5.744652e-01  4.765830e-02  1.396038e-02
82  241.000000  5.750799e-01  7.290602e-01  -1.533962e-01  5.750918e-01  6.299238e-02  3.034200e-02
83  241.500000  5.753976e-01  7.025817e-01  -1.442887e-01  5.754090e-01  7.075540e-02  3.862453e-02
84  242.000000  5.757179e-01  6.746798e-01  -1.356152e-01  5.757290e-01  7.862976e-02  4.691766e-02
85  242.500000  5.760409e-01  6.454402e-01  -1.273926e-01  5.760517e-01  8.645685e-02  5.520646e-02
86  243.000000  5.763668e-01  6.149515e-01  -1.196358e-01  5.763772e-01  9.422397e-02  6.347515e-02
87  243.500000  5.766954e-01  5.833049e-01  -1.123585e-01  5.767055e-01  1.019165e-01  7.170726e-02
88  244.000000  5.770269e-01  5.505935e-01  -1.055726e-01  5.770367e-01  1.095183e-01  7.988573e-02
89  244.500000  5.773613e-01  5.169126e-01  -9.928849e-02  5.773709e-01  1.170121e-01  8.799307e-02
90  245.000000  5.776986e-01  4.823592e-01  -9.351523e-02  5.777080e-01  1.243798e-01  9.601138e-02
91  245.500000  5.780388e-01  4.470316e-01  -8.826037e-02  5.780480e-01  1.316028e-01  1.039225e-01
92  246.000000  5.783820e-01  4.110293e-01  -8.352999e-02  5.783910e-01  1.386616e-01  1.117080e-01
93  246.500000  5.787281e-01  3.744529e-01  -7.932871e-02  5.787369e-01  1.455368e-01  1.193494e-01
94  247.000000  5.790771e-01  3.374034e-01  -7.565970e-02  5.790858e-01  1.522087e-01  1.268282e-01
95  247.500000  5.794291e-01  2.999821e-01  -7.252464e-02  5.794377e-01  1.586572e-01  1.341257e-01
96  248.000000  5.797839e-01  2.622906e-01  -6.992377e-02  5.797924e-01  1.648625e-01  1.412235e-01
97  248.500000  5.801417e-01  2.244300e-01  -6.785588e-02  5.801501e-01  1.708048e-01  1.481031e-01
98  249.000000  5.805023e-01  1.865011e-01  -6.631835e-02  5.805106e-01  1.764644e-01  1.547465e-01
99  249.500000  5.808657e-01  1.486038e-01  -6.530713e-02  5.808740e-01  1.818217e-01  1.611357e-01
100  250.000000  5.812319e-01  1.108369e-01  -6.481681e-02  5.812402e-01  1.868577e-01  1.672532e-01
101  250.500000  5.816008e-01  7.329808e-02  -6.484065e-02  5.816092e-01  1.915535e-01  1.730817e-01
102  251.000000  5.819725e-01  3.608320e-02  -6.537055e-02  5.819808e-01  1.958907e-01  1.786045e-01
103  251.500000  5.823468e-01  -7.136273e-04  -6.639717e-02  5.823552e-01  1.998514e-01  1.838054e-01
104  252.000000  5.827236e-01  -3.700040e-02  -6.790993e-02  5.827321e-01  2.034184e-01  1.886687e-01
105  252.500000  5.831031e-01  -7.268750e-02  -6.989705e-02  5.831116e-01  2.065751e-01  1.931792e-01
106  253.000000  5.834849e-01  -1.076879e-01  -7.234561e-02  5.834936e-01  2.093056e-01  1.973228e-01
107  253.500000  5.838692e-01  -1.419174e-01  -7.524159e-02  5.838780e-01  2.115947e-01  2.010858e-01
108  254.000000  5.842559e-01  -1.752948e-01  -7.856996e-02  5.842648e-01  2.134283e-01  2.044553e-01
109  254.500000  5.846448e-01  -2.077423e-01  -8.231469e-02  5.846538e-01  2.147931e-01  2.074195e-01
110  255.000000  5.850359e-01  -2.391854e-01  -8.645883e-02  5.850451e-01  2.156768e-01  2.099673e-01
111  255.500000  5.854291e-01  -2.695535e-01  -9.098458e-02  5.854384e-01  2.160683e-01  2.120887e-01
112  256.000000  5.858243e-01  -2.987796e-01  -9.587336e-02  5.858338e-01  2.159575e-01  2.137746e-01
113  256.500000  5.862214e-01  -3.268009e-01  -1.011058e-01  5.862312e-01  2.153356e-01  2.150171e-01
114  257.000000  5.866205e-01  -3.535587e-01  -1.066620e-01  5.866304e-01  2.141952e-01  2.158094e-01
115  257.500000  5.870213e-01  -3.789988e-01  -1.125214e-01  5.870314e-01  2.125301e-01  2.161457e-01
116  258.000000  5.874238e-01  -4.030711e-01  -1.186629e-01  5.874341e-01  2.103356e-01  2.160218e-01
117  258.500000  5.878278e-01  -4.257304e-01  -1.250650e-01  5.878384e-01  2.076084e-01  2.154344e-01
118  259.000000  5.882334e-01  -4.469362e-01  -1.317057e-01  5.882442e-01  2.043468e-01  2.143815e-01
119  259.500000  5.886404e-01  -4.666525e-01  -1.385630e-01  5.886515e-01  2.005508e-01  2.128627e-01
120  260.000000  5.890488e-01  -4.848484e-01  -1.456144e-01  5.890600e-01  1.962218e-01  2.108786e-01
121  260.500000  5.894583e-01  -5.014979e-01  -1.528374e-01  5.894698e-01  1.913630e-01  2.084316e-01
122  261.000000  5.898690e-01  -5.165798e-01  -1.602093e-01  5.898808e-01  1.859794e-01  2.055250e-01
123  261.500000  5.902807e-01  -5.300781e-01  -1.677077e-01  5.902927e-01  1.800777e-01  2.021640e-01
124  262.000000  5.906933e-01  -5.419816e-01  -1.753098e-01  5.907056e-01  1.736663e-01  1.983549e-01
125  262.500000  5.911068e-01  -5.522843e-01  -1.829934e-01  5.911194e-01  1.667555e-01  1.941055e-01
126  263.000000  5.915211e-01  -5.609851e-01  -1.907363e-01  5.915339e-01  1.593575e-01  1.894252e-01
127  263.500000  5.919360e-01  -5.680878e-01  -1.985166e-01  5.919491e-01  1.514861e-01  1.843247e-01
128  264.000000  5.923515e-01  -5.736013e-01  -2.063128e-01  5.923648e-01  1.431573e-01  1.788162e-01
129  264.500000  5.927674e-01  -5.775390e-01  -2.141039e-01  5.927810e-01  1.343887e-01  1.729131e-01
130  265.000000  5.931838e-01  -5.799194e-01  -2.218691e-01  5.931976e-01  1.251997e-01  1.666306e-01
131  265.500000  5.936004e-01  -5.807655e-01  -2.295884e-01  5.936145e-01  1.156117e-01  1.599848e-01
132  266.000000  5.940173e-01  -5.801048e-01  -2.372425e-01  5.940316e-01  1.056477e-01  1.529936e-01
133  266.500000  5.944342e-01  -5.779695e-01  -2.448125e-01  5.944488e-01  9.533258e-02  1.456758e-01
134  267.000000  5.948513e-01  -5.743957e-01  -2.522802e-01  5.948661e-01  8.469287e-02  1.380517e-01
135  267.500000  5.952682e-01  -5.694238e-01  -2.596285e-01  5.952833e-01  7.375674e-02  1.301426e-01
136  268.000000  5.956851e-01  -5.630983e-01  -2.668407e-01  5.957004e-01  6.255396e-02  1.219713e-01
137  268.500000  5.961018e-01  -5.554673e-01  -2.739012e-01  5.961173e-01  5.111580e-02  1.135612e-01
138  269.000000  5.965182e-01  -5.465825e-01  -2.807953e-01  5.965339e-01  3.947496e-02  1.049371e-01
139  269.500000  5.969343e-01  -5.364989e-01  -2.875090e-01  5.969502e-01  2.766550e-02  9.612449e-02
140  270.000000  5.973500e-01  -5.252748e-01  -2.940294e-01  5.973661e-01  1.572267e-02  8.714990e-02
141  270.500000  5.977652e-01  -5.129715e-01  -3.003447e-01  5.977815e-01  3.682887e-03  7.804052e-02
142  271.000000  5.981799e-01  -4.996525e-01  -3.064438e-01  5.981963e-01  -8.416448e-03  6.882423e-02
143  271.500000  5.985941e-01  -4.853843e-01  -3.123168e-01  5.986106e-01  -2.053705e-02  5.952950e-02
144  272.000000  5.990076e-01  -4.702353e-01  -3.179548e-01  5.990243e-01  -3.263990e-02  5.018527e-02
145  272.500000  5.994204e-01  -4.542757e-01  -3.233500e-01  5.994372e-01  -4.468537e-02  4.082085e-02
146  273.000000  5.998326e-01  -4.375774e-01  -3.284954e-01  5.998495e-01  -5.663340e-02  3.146580e-02
147  273.500000  6.002439e-01  -4.202139e-01  -3.333852e-01  6.002609e-01  -6.844365e-02  2.214983e-02
148  274.000000  6.006545e-01  -4.022593e-01  -3.380148e-01  6.006716e-01  -8.007565e-02  1.290268e-02
149  274.500000  6.010642e-01  -3.837889e-01  -3.423802e-01  6.010814e-01  -9.148899e-02  3.753999e-03
150  275.000000  6.014731e-01  -3.648781e-01  -3.464788e-01  6.014903e-01  -1.026435e-01  -5.266801e-03
151  275.500000  6.018811e-01  -3.456030e-01  -3.503088e-01  6.018984e-01  -1.134994e-01  -1.413063e-02
152  276.000000  6.022882e-01  -3.260391e-01  -3.538694e-01  6.023055e-01  -1.240175e-01  -2.280889e-02
153  276.500000  6.026944e-01  -3.062617e-01  -3.571608e-01  6.027118e-01  -1.341595e-01  -3.127353e-02
154  277.000000  6.030997e-01  -2.863457e-01  -3.601840e-01  6.031171e-01  -1.438878e-01  -3.949727e-02
155  277.500000  6.035041e-01  -2.663645e-01  -3.629409e-01  6.035214e-01  -1.531664e-01  -4.745364e-02
156  278.000000  6.039075e-01  -2.463909e-01  -3.654344e-01  6.039248e-01  -1.619603e-01  -5.511714e-02
157  278.500000  6.043100e-01  -2.264956e-01  -3.676682e-01  6.043273e-01  -1.702360e-01  -6.246336e-02
158  279.000000  6.047116e-01  -2.067480e-01  -3.696464e-01  6.047288e-01  -1.779621e-01  -6.946908e-02
159  279.500000  6.051123e-01  -1.872151e-01  -3.713744e-01  6.051294e-01  -1.851087e-01  -7.611241e-02
160  280.000000  6.055121e-01  -1.679620e-01  -3.728579e-01  6.055291e-01  -1.916483e-01  -8.237289e-02
161  280.500000  6.059110e-01  -1.490510e-01  -3.741033e-01  6.059279e-01  -1.975553e-01  -8.823158e-02
162  281.000000  6.063090e-01  -1.305417e-01  -3.751176e-01  6.063259e-01  -2.028069e-01  -9.367115e-02
163  281.500000  6.067062e-01  -1.124910e-01  -3.759085e-01  6.067230e-01  -2.073825e-01  -9.867603e-02
164  282.000000  6.071026e-01  -9.495227e-02  -3.764839e-01  6.071192e-01  -2.112645e-01  -1.032324e-01
165  282.500000  6.074981e-01  -7.797588e-02  -3.768524e-01  6.075147e-01  -2.144380e-01  -1.073284e-01
166  283.000000  6.078930e-01  -6.160853e-02  -3.770228e-01  6.079094e-01  -2.168909e-01  -1.109540e-01
167  283.500000  6.082871e-01  -4.589333e-02  -3.770044e-01  6.083034e-01  -2.186144e-01  -1.141013e-01
168  284.000000  6.086806e-01  -3.086958e-02  -3.768066e-01  6.086967e-01  -2.196028e-01  -1.167644e-01
169  284.500000  6.090734e-01  -1.657269e-02  -3.764391e-01  6.090893e-01  -2.198535e-01  -1.189395e-01
170  285.000000  6.094656e-01  -3.034092e-03  -3.759118e-01  6.094813e-01  -2.193672e-01  -1.206248e-01
171  285.500000  6.098572e-01  9.718878e-03  -3.752348e-01  6.098728e-01  -2.181481e-01  -1.218209e-01
172  286.000000  6.102483e-01  2.166300e-02  -3.744180e-01  6.102637e-01  -2.162036e-01  -1.225304e-01
173  286.500000  6.106389e-01  3.277924e-02  -3.734718e-01  6.106542e-01  -2.135443e-01  -1.227581e-01
174  287.000000  6.110291e-01  4.305274e-02  -3.724060e-01  6.110442e-01  -2.101845e-01  -1.225107e-01
175  287.500000  6.114189e-01  5.247283e-02  -3.712308e-01  6.114339e-01  -2.061414e-01  -1.217973e-01
176  288.000000  6.118084e-01  6.103300e-02  -3.699561e-01  6.118231e-01  -2.014357e-01  -1.206290e-01
177  288.500000  6.121976e-01  6.873086e-02  -3.685918e-01  6.122121e-01  -1.960912e-01  -1.190187e-01
178  289.000000  6.125865e-01  7.556811e-02  -3.671472e-01  6.126009e-01  -1.901347e-01  -1.169816e-01
179  289.500000  6.129752e-01  8.155037e-02  -3.656320e-01  6.129894e-01  -1.835961e-01  -1.145344e-01
180  290.000000  6.133637e-01  8.668717e-02  -3.640551e-01  6.133777e-01  -1.765080e-01  -1.116959e-01
181  290.500000  6.137521e-01  9.099180e-02  -3.624255e-01  6.137660e-01  -1.689058e-01  -1.084863e-01
182  291.000000  6.141405e-01  9.448113e-02  -3.607517e-01  6.141541e-01  -1.608273e-01  -1.049275e-01
183  291.500000  6.145287e-01  9.717551e-02  -3.590418e-01  6.145422e-01  -1.523126e-01  -1.010431e-01
184  292.000000  6.149170e-01  9.909859e-02  -3.573037e-01  6.149303e-01  -1.434040e-01  -9.685774e-02
185  292.500000  6.153053e-01  1.002771e-01  -3.555449e-01  6.153184e-01  -1.341458e-01  -9.239733e-02
186  293.000000  6.156937e-01  1.007406e-01  -3.537725e-01  6.157066e-01  -1.245836e-01  -8.768889e-02
187  293.500000  6.160821e-01  1.005215e-01  -3.519930e-01  6.160950e-01  -1.147648e-01  -8.276037e-02
188  294.000000  6.164707e-01  9.965449e-02  -3.502129e-01  6.164834e-01  -1.047377e-01  -7.764045e-02
189  294.500000  6.168594e-01  9.817657e-02  -3.484378e-01  6.168720e-01  -9.455171e-02  -7.235843e-02
190  295.000000  6.172483e-01  9.612667e-02  -3.466732e-01  6.172608e-01  -8.425664e-02  -6.694404e-02
191  295.500000  6.176375e-01  9.354543e-02  -3.449241e-01  6.176498e-01  -7.390274e-02  -6.142727e-02
192  296.000000  6.180268e-01  9.047497e-02  -3.431949e-01  6.180390e-01  -6.354028e-02  -5.583826e-02
193  296.500000  6.184164e-01  8.695856e-02  -3.414899e-01  6.184285e-01  -5.321929e-02  -5.020702e-02
194  297.000000  6.188062e-01  8.304041e-02  -3.398127e-01  6.188182e-01  -4.298924e-02  -4.456336e-02
195  297.500000  6.191964e-01  7.876535e-02  -3.381665e-01  6.192083e-01  -3.289878e-02  -3.893669e-02
196  298.000000  6.195868e-01  7.417860e-02  -3.365543e-01  6.195986e-01  -2.299545e-02  -3.335582e-02
197  298.500000  6.199775e-01  6.932548e-02  -3.349785e-01  6.199892e-01  -1.332536e-02  -2.784885e-02
198  299.000000  6.203685e-01  6.425115e-02  -3.334411e-01  6.203802e-01  -3.932985e-03  -2.244297e-02
199  299.500000  6.207598e-01  5.900035e-02  -3.319440e-01  6.207714e-01  5.139171e-03  -1.716432e-02
200  300.000000  6.211515e-01  5.361714e-02  -3.304884e-01  6.211630e-01  1.385078e-02  -1.203788e-02
201  300.500000  6.215434e-01  4.814465e-02  -3.290755e-01  6.215549e-01  2.216396e-02  -7.087262e-03
202  301.000000  6.219357e-01  4.262489e-02  -3.277059e-01  6.219471e-01  3.004349e-02  -2.334641e-03
203  301.500000  6.223282e-01  3.709844e-02  -3.263799e-01  6.223396e-01  3.745699e-02  2.199393e-03
204  302.000000  6.227211e-01  3.160433e-02  -3.250979e-01  6.227325e-01  4.437517e-02  6.495938e-03
205  302.500000  6.231143e-01  2.617978e-02  -3.238595e-01  6.231256e-01  5.077196e-02  1.053787e-02
206  303.000000  6.235077e-01  2.086002e-02  -3.226645e-01  6.235190e-01  5.662467e-02  1.430996e-02
207  303.500000  6.239014e-01  1.567816e-02  -3.215122e-01  6.239127e-01  6.191410e-02  1.779888e-02
208  304.000000  6.242954e-01  1.066500e-02  -3.204018e-01  6.243067e-01  6.662468e-02  2.099336e-02
209  304.500000  6.246897e-01  5.848922e-03  -3.193324e-01  6.247009e-01  7.074452e-02  2.388413e-02
210  305.000000  6.250842e-01  1.255753e-03  -3.183029e-01  6.250954e-01  7.426546e-02  2.646403e-02
211  305.500000  6.254789e-01  -3.091312e-03  -3.173118e-01  6.254901e-01  7.718311e-02  2.872801e-02
212  306.000000  6.258738e-01  -7.171797e-03  -3.163580e-01  6.258850e-01  7.949686e-02  3.067310e-02
213  306.500000  6.262689e-01  -1.096800e-02  -3.154397e-01  6.262802e-01  8.120984e-02  3.229845e-02
214  307.000000  6.266642e-01  -1.446503e-02  -3.145555e-01  6.266755e-01  8.232888e-02  3.360526e-02
215  307.500000  6.270597e-01  -1.765083e-02  -3.137037e-01  6.270710e-01  8.286441e-02  3.459677e-02
216  308.000000  6.274554e-01  -2.051616e-02  -3.128826e-01  6.274666e-01  8.283041e-02  3.527821e-02
217  308.500000  6.278511e-01  -2.305459e-02  -3.120904e-01  6.278624e-01  8.224422e-02  3.565670e-02
218  309.000000  6.282470e-01  -2.526245e-02  -3.113253e-01  6.282583e-01  8.112644e-02  3.574123e-02
219  309.500000  6.286431e-01  -2.713878e-02  -3.105857e-01  6.286543e-01  7.950073e-02  3.554251e-02
220  310.000000  6.290392e-01  -2.868525e-02  -3.098697e-01  6.290504e-01  7.739365e-02  3.507289e-02
221  310.500000  6.294354e-01  -2.990606e-02  -3.091756e-01  6.294466e-01  7.483440e-02  3.434628e-02
222  311.000000  6.298317e-01  -3.080782e-02  -3.085017e-01  6.298429e-01  7.185462e-02  3.337796e-02
223  311.500000  6.302280e-01  -3.139946e-02  -3.078462e-01  6.302392e-01  6.848815e-02  3.218453e-02
224  312.000000  6.306244e-01  -3.169206e-02  -3.072076e-01  6.306356e-01  6.477073e-02  3.078368e-02
225  312.500000  6.310208e-01  -3.169870e-02  -3.065842e-01  6.310320e-01  6.073976e-02  2.919414e-02
226  313.000000  6.314173e-01  -3.143431e-02  -3.059746e-01  6.314285e-01  5.643402e-02  2.743544e-02
227  313.500000  6.318138e-01  -3.091549e-02  -3.053772e-01  6.318249e-01  5.189335e-02  2.552782e-02
228  314.000000  6.322103e-01  -3.016033e-02  -3.047908e-01  6.322214e-01  4.715835e-02  2.349204e-02
229  314.500000  6.326069e-01  -2.918820e-02  -3.042139e-01  6.326180e-01  4.227010e-02  2.134921e-02
230  315.000000  6.330034e-01  -2.801960e-02  -3.036454e-01  6.330145e-01  3.726986e-02  1.912066e-02
231  315.500000  6.334000e-01  -2.667592e-02  -3.030841e-01  6.334110e-01  3.219874e-02  1.682775e-02
232  316.000000  6.337966e-01  -2.517925e-02  -3.025289e-01  6.338076e-01  2.709743e-02  1.449172e-02
233  316.500000  6.341932e-01  -2.355221e-02  -3.019788e-01  6.342041e-01  2.200586e-02  1.213355e-02
234  317.000000  6.345898e-01  -2.181767e-02  -3.014330e-01  6.346007e-01  1.696298e-02  9.773779e-03
235  317.500000  6.349864e-01  -1.999867e-02  -3.008905e-01  6.349972e-01  1.200645e-02  7.432362e-03
236  318.000000  6.353830e-01  -1.811810e-02  -3.003507e-01  6.353938e-01  7.172370e-03  5.128550e-03
237  318.500000  6.357796e-01  -1.619860e-02  -2.998129e-01  6.357904e-01  2.495052e-03  2.880743e-03
238  319.000000  6.361763e-01  -1.426234e-02  -2.992764e-01  6.361870e-01  -1.993224e-03  7.063615e-04
239  319.500000  6.365730e-01  -1.233084e-02  -2.987408e-01  6.365836e-01  -6.262411e-03  -1.378260e-03
240  320.000000  6.369697e-01  -1.042485e-02  -2.982056e-01  6.369803e-01  -1.028490e-02  -3.357988e-03
241  320.500000  6.373665e-01  -8.564121e-03  -2.976704e-01  6.373770e-01  -1.403568e-02  -5.218974e-03
242  321.000000  6.377633e-01  -6.767325e-03  -2.971348e-01  6.377737e-01  -1.749251e-02  -6.948747e-03
243  321.500000  6.381601e-01  -5.051899e-03  -2.965987e-01  6.381706e-01  -2.063601e-02  -8.536276e-03
244  322.000000  6.385571e-01  -3.433926e-03  -2.960617e-01  6.385674e-01  -2.344980e-02  -9.972038e-03
245  322.500000  6.389541e-01  -1.928041e-03  -2.955238e-01  6.389644e-01  -2.592054e-02  -1.124805e-02
246  323.000000  6.393512e-01  -5.473331e-04  -2.949848e-01  6.393614e-01  -2.803802e-02  -1.235792e-02
247  323.500000  6.397483e-01  6.967215e-04  -2.944447e-01  6.397585e-01  -2.979515e-02  -1.329683e-02
248  324.000000  6.401456e-01  1.794321e-03  -2.939033e-01  6.401557e-01  -3.118800e-02  -1.406160e-02
249  324.500000  6.405430e-01  2.737379e-03  -2.933608e-01  6.405530e-01  -3.221574e-02  -1.465062e-02
250  325.000000  6.409404e-01  3.519552e-03  -2.928172e-01  6.409504e-01  -3.288059e-02  -1.506386e-02
251  325.500000  6.413380e-01  4.136250e-03  -2.922725e-01  6.413480e-01  -3.318778e-02  -1.530285e-02
252  326.000000  6.417358e-01  4.584633e-03  -2.917267e-01  6.417456e-01  -3.314542e-02  -1.537059e-02
253  326.500000  6.421336e-01  4.863588e-03  -2.911801e-01  6.421434e-01  -3.276440e-02  -1.527154e-02
254  327.000000  6.425316e-01  4.973699e-03  -2.906327e-01  6.425414e-01  -3.205822e-02  -1.501152e-02
255  327.500000  6.429298e-01  4.917198e-03  -2.900847e-01  6.429395e-01  -3.104287e-02  -1.459766e-02
256  328.000000  6.433281e-01  4.697899e-03  -2.895362e-01  6.433377e-01  -2.973661e-02  -1.403826e-02
257  328.500000  6.437266e-01  4.321130e-03  -2.889874e-01  6.437362e-01  -2.815981e-02  -1.334278e-02
258  329.000000  6.441252e-01  3.793638e-03  -2.884384e-01  6.441347e-01  -2.633471e-02  -1.252162e-02
259  329.500000  6.445240e-01  3.123502e-03  -2.878894e-01  6.445335e-01  -2.428523e-02  -1.158613e-02
260  330.000000  6.449229e-01  2.320016e-03  -2.873406e-01  6.449324e-01  -2.203667e-02  -1.054840e-02
261  330.500000  6.453221e-01  1.393580e-03  -2.867921e-01  6.453315e-01  -1.961555e-02  -9.421178e-03
262  331.000000  6.457214e-01  3.555752e-04  -2.862441e-01  6.457307e-01  -1.704930e-02  -8.217746e-03
263  331.500000  6.461208e-01  -7.817671e-04  -2.856967e-01  6.461302e-01  -1.436605e-02  -6.951780e-03
264  332.000000  6.465205e-01  -2.005499e-03  -2.851501e-01  6.465298e-01  -1.159431e-02  -5.637220e-03
265  332.500000  6.469203e-01  -3.302093e-03  -2.846045e-01  6.469296e-01  -8.762805e-03  -4.288155e-03
266  333.000000  6.473203e-01  -4.657585e-03  -2.840599e-01  6.473296e-01  -5.900128e-03  -2.918675e-03
267  333.500000  6.477205e-01  -6.057716e-03  -2.835165e-01  6.477297e-01  -3.034557e-03  -1.542759e-03
268  334.000000  6.481208e-01  -7.488069e-03  -2.829744e-01  6.481300e-01  -1.937760e-04  -1.741432e-04
269  334.500000  6.485213e-01  -8.934219e-03  -2.824338e-01  6.485305e-01  2.595337e-03  1.173795e-03
270  335.000000  6.489219e-01  -1.038185e-02  -2.818946e-01  6.489311e-01  5.328156e-03  2.498760e-03
271  335.500000  6.493227e-01  -1.181686e-02  -2.813571e-01  6.493319e-01  7.958078e-03  3.777427e-03
272  336.000000  6.497237e-01  -1.322550e-02  -2.808212e-01  6.497328e-01  1.046182e-02  4.998083e-03
273  336.500000  6.501248e-01  -1.459458e-02  -2.802871e-01  6.501339e-01  1.281771e-02  6.149797e-03
274  337.000000  6.505260e-01  -1.591149e-02  -2.797547e-01  6.505351e-01  1.500591e-02  7.222504e-03
275  337.500000  6.509274e-01  -1.716440e-02  -2.792242e-01  6.509365e-01  1.700852e-02  8.207085e-03
276  338.000000  6.513289e-01  -1.834227e-02  -2.786955e-01  6.513380e-01  1.880969e-02  9.095432e-03
277  338.500000  6.517305e-01  -1.943504e-02  -2.781687e-01  6.517396e-01  2.039580e-02  9.880504e-03
278  339.000000  6.521323e-01  -2.043360e-02  -2.776439e-01  6.521413e-01  2.175545e-02  1.055638e-02
279  339.500000  6.525341e-01  -2.132996e-02  -2.771209e-01  6.525431e-01  2.287963e-02  1.111827e-02
280  340.000000  6.529361e-01  -2.211722e-02  -2.765998e-01  6.529451e-01  2.376166e-02  1.156259e-02
281  340.500000  6.533382e-01  -2.278970e-02  -2.760806e-01  6.533471e-01  2.439729e-02  1.188693e-02
282  341.000000  6.537403e-01  -2.334290e-02  -2.755634e-01  6.537493e-01  2.478466e-02  1.209005e-02
283  341.500000  6.541426e-01  -2.377355e-02  -2.750479e-01  6.541515e-01  2.492427e-02  1.217192e-02
284  342.000000  6.545449e-01  -2.407963e-02  -2.745343e-01  6.545538e-01  2.481897e-02  1.213366e-02
285  342.500000  6.549473e-01  -2.426037e-02  -2.740225e-01  6.549562e-01  2.447389e-02  1.197753e-02
286  343.000000  6.553498e-01  -2.431619e-02  -2.735124e-01  6.553587e-01  2.389630e-02  1.170688e-02
287  343.500000  6.557524e-01  -2.424875e-02  -2.730041e-01  6.557612e-01  2.309561e-02  1.132611e-02
288  344.000000  6.561550e-01  -2.406085e-02  -2.724974e-01  6.561638e-01  2.208315e-02  1.084060e-02
289  344.500000  6.565577e-01  -2.375639e-02  -2.719924e-01  6.565665e-01  2.087209e-02  1.025665e-02
290  345.000000  6.569604e-01  -2.334037e-02  -2.714889e-01  6.569693e-01  1.947727e-02  9.581418e-03
291  345.500000  6.573633e-01  -2.281874e-02  -2.709870e-01  6.573720e-01  1.791505e-02  8.822820e-03
292  346.000000  6.577662e-01  -2.219841e-02  -2.704866e-01  6.577749e-01  1.620312e-02  7.989455e-03
293  346.500000  6.581691e-01  -2.148708e-02  -2.699875e-01  6.581778e-01  1.436032e-02  7.090512e-03
294  347.000000  6.585721e-01  -2.069325e-02  -2.694899e-01  6.585808e-01  1.240643e-02  6.135671e-03
295  347.500000  6.589752e-01  -1.982604e-02  -2.689936e-01  6.589838e-01  1.036201e-02  5.135009e-03
296  348.000000  6.593783e-01  -1.889513e-02  -2.684987e-01  6.593869e-01  8.248161e-03  4.098893e-03
297  348.500000  6.597815e-01  -1.791066e-02  -2.680049e-01  6.597901e-01  6.086334e-03  3.037884e-03
298  349.000000  6.601847e-01  -1.688312e-02  -2.675124e-01  6.601933e-01  3.898106e-03  1.962625e-03
299  349.500000  6.605880e-01  -1.582324e-02  -2.670210e-01  6.605966e-01  1.705004e-03  8.837510e-04
300  350.000000  6.609914e-01  -1.474186e-02  -2.665307e-01  6.609999e-01  -4.717271e-04  -1.882260e-04
301  350.500000  6.613949e-01  -1.364989e-02  -2.660416e-01  6.614033e-01  -2.611348e-03  -1.243003e-03
302  351.500000  6.622020e-01  -1.147739e-02  -2.650664e-01  6.622104e-01  -6.839881e-03  -3.331650e-03
303  352.500000  6.630095e-01  -9.390933e-03  -2.640953e-01  6.630178e-01  -1.066290e-02  -5.223785e-03
304  353.500000  6.638173e-01  -7.469640e-03  -2.631280e-01  6.638255e-01  -1.394570e-02  -6.852119e-03
305  354.500000  6.646256e-01  -5.783269e-03  -2.621643e-01  6.646337e-01  -1.657751e-02  -8.161125e-03
306  355.500000  6.654343e-01  -4.389885e-03  -2.612044e-01  6.654423e-01  -1.847513e-02  -9.108841e-03
307  356.500000  6.662434e-01  -3.333934e-03  -2.602480e-01  6.662514e-01  -1.958532e-02  -9.668121e-03
308  357.500000  6.670531e-01  -2.644924e-03  -2.592953e-01  6.670610e-01  -1.988611e-02  -9.827298e-03
309  358.500000  6.678633e-01  -2.336713e-03  -2.583462e-01  6.678711e-01  -1.938684e-02  -9.590253e-03
310  359.500000  6.686741e-01  -2.407425e-03  -2.574010e-01  6.686818e-01  -1.812701e-02  -8.975899e-03
311  360.500000  6.694854e-01  -2.839978e-03  -2.564596e-01  6.694931e-01  -1.617416e-02  -8.017108e-03
312  361.500000  6.702974e-01  -3.603188e-03  -2.555222e-01  6.703050e-01  -1.362054e-02  -6.759139e-03
313  362.500000  6.711100e-01  -4.653394e-03  -2.545890e-01  6.711175e-01  -1.057914e-02  -5.257634e-03
314  363.500000  6.719231e-01  -5.936523e-03  -2.536601e-01  6.719306e-01  -7.178873e-03  -3.576262e-03
315  364.500000  6.727369e-01  -7.390519e-03  -2.527357e-01  6.727443e-01  -3.559317e-03  -1.784123e-03
316  365.500000  6.735512e-01  -8.948015e-03  -2.518158e-01  6.735587e-01  1.347881e-04  4.701311e-05
317  366.500000  6.743661e-01  -1.053915e-02  -2.509007e-01  6.743735e-01  3.759181e-03  1.845494e-03
318  367.500000  6.751816e-01  -1.209443e-02  -2.499903e-01  6.751889e-01  7.175544e-03  3.542517e-03
319  368.500000  6.759976e-01  -1.354748e-02  -2.490849e-01  6.760049e-01  1.025664e-02  5.074692e-03
320  369.500000  6.768140e-01  -1.483765e-02  -2.481844e-01  6.768213e-01  1.289091e-02  6.386346e-03
321  370.500000  6.776309e-01  -1.591230e-02  -2.472889e-01  6.776382e-01  1.498641e-02  7.431485e-03
322  371.500000  6.784483e-01  -1.672876e-02  -2.463985e-01  6.784555e-01  1.647385e-02  8.175349e-03
323  372.500000  6.792660e-01  -1.725580e-02  -2.455131e-01  6.792732e-01  1.730882e-02  8.595509e-03
324  373.500000  6.800841e-01  -1.747472e-02  -2.446327e-01  6.800913e-01  1.747293e-02  8.682467e-03
325  374.500000  6.809026e-01  -1.737978e-02  -2.437574e-01  6.809098e-01  1.697396e-02  8.439755e-03
326  375.500000  6.817214e-01  -1.697827e-02  -2.428869e-01  6.817285e-01  1.584505e-02  7.883537e-03
327  376.500000  6.825405e-01  -1.628995e-02  -2.420213e-01  6.825476e-01  1.414291e-02  7.041730e-03
328  377.500000  6.833599e-01  -1.534603e-02  -2.411605e-01  6.833670e-01  1.194515e-02  5.952703e-03
329  378.500000  6.841797e-01  -1.418780e-02  -2.403044e-01  6.841867e-01  9.346921e-03  4.663588e-03
330  379.500000  6.849997e-01  -1.286478e-02  -2.394529e-01  6.850067e-01  6.456860e-03  3.228306e-03
331  380.500000  6.858201e-01  -1.143262e-02  -2.386058e-01  6.858270e-01  3.392708e-03  1.705354e-03
332  381.500000  6.866408e-01  -9.950835e-03  -2.377632e-01  6.866477e-01  2.765824e-04  1.554707e-04
333  382.500000  6.874619e-01  -8.480363e-03  -2.369250e-01  6.874687e-01  -2.769799e-03  -1.360745e-03
334  383.500000  6.882833e-01  -7.081146e-03  -2.360910e-01  6.882900e-01  -5.629787e-03  -2.785165e-03
335  384.500000  6.891052e-01  -5.809772e-03  -2.352611e-01  6.891118e-01  -8.196193e-03  -4.064326e-03
336  385.500000  6.899274e-01  -4.717296e-03  -2.344354e-01  6.899340e-01  -1.037524e-02  -5.151398e-03
337  386.500000  6.907501e-01  -3.847295e-03  -2.336138e-01  6.907566e-01  -1.208991e-02  -6.007871e-03
338  387.500000  6.915732e-01  -3.234258e-03  -2.327961e-01  6.915797e-01  -1.328262e-02  -6.604884e-03
339  388.500000  6.923969e-01  -2.902350e-03  -2.319825e-01  6.924033e-01  -1.391706e-02  -6.924163e-03
340  389.500000  6.932211e-01  -2.864586e-03  -2.311728e-01  6.932274e-01  -1.397922e-02  -6.958534e-03
341  390.500000  6.940457e-01  -3.122465e-03  -2.303671e-01  6.940521e-01  -1.347751e-02  -6.711999e-03
342  391.500000  6.948710e-01  -3.666046e-03  -2.295654e-01  6.948772e-01  -1.244205e-02  -6.199378e-03
343  392.500000  6.956968e-01  -4.474464e-03  -2.287676e-01  6.957030e-01  -1.092310e-02  -5.445558e-03
344  393.500000  6.965231e-01  -5.516872e-03  -2.279738e-01  6.965293e-01  -8.988754e-03  -4.484327e-03
345  394.500000  6.973500e-01  -6.753741e-03  -2.271840e-01  6.973561e-01  -6.721904e-03  -3.356878e-03
346  395.500000  6.981774e-01  -8.138486e-03  -2.263983e-01  6.981835e-01  -4.217087e-03  -2.110242e-03
347  396.500000  6.990054e-01  -9.619335e-03  -2.256165e-01  6.990115e-01  -1.576184e-03  -7.951423e-04
348  397.500000  6.998339e-01  -1.114137e-02  -2.248388e-01  6.998400e-01  1.095325e-03  5.358689e-04
349  398.500000  7.006629e-01  -1.264868e-02  -2.240652e-01  7.006690e-01  3.692656e-03  1.830552e-03
350  399.500000  7.014924e-01  -1.408646e-02  -2.232956e-01  7.014984e-01  6.115727e-03  3.038983e-03
351  400.500000  7.023224e-01  -1.540313e-02  -2.225301e-01  7.023284e-01  8.272972e-03  4.115452e-03
352  401.500000  7.031529e-01  -1.655221e-02  -2.217688e-01  7.031588e-01  1.008474e-02  5.020167e-03
353  402.500000  7.039837e-01  -1.749401e-02  -2.210115e-01  7.039897e-01  1.148620e-02  5.720703e-03
354  403.500000  7.048150e-01  -1.819706e-02  -2.202582e-01  7.048209e-01  1.242959e-02  6.193137e-03
355  404.500000  7.056466e-01  -1.863913e-02  -2.195090e-01  7.056525e-01  1.288581e-02  6.422837e-03
356  405.500000  7.064787e-01  -1.880799e-02  -2.187639e-01  7.064845e-01  1.284524e-02  6.404883e-03
357  406.500000  7.073110e-01  -1.870165e-02  -2.180227e-01  7.073169e-01  1.231778e-02  6.144096e-03
358  407.500000  7.081437e-01  -1.832830e-02  -2.172855e-01  7.081495e-01  1.133217e-02  5.654698e-03
359  408.500000  7.089768e-01  -1.770581e-02  -2.165523e-01  7.089826e-01  9.934559e-03  4.959604e-03
360  409.500000  7.098101e-01  -1.686091e-02  -2.158229e-01  7.098159e-01  8.186438e-03  4.089392e-03
361  410.500000  7.106438e-01  -1.582802e-02  -2.150973e-01  7.106496e-01  6.161983e-03  3.080993e-03
362  411.500000  7.114779e-01  -1.464779e-02  -2.143755e-01  7.114835e-01  3.944984e-03  1.976149e-03
363  412.500000  7.123122e-01  -1.336545e-02  -2.136574e-01  7.123179e-01  1.625417e-03  8.197123e-04
364  413.500000  7.131469e-01  -1.202905e-02  -2.129430e-01  7.131525e-01  -7.041509e-04  -3.421530e-04
365  414.500000  7.139820e-01  -1.068753e-02  -2.122323e-01  7.139876e-01  -2.952219e-03  -1.463792e-03
366  415.500000  7.148175e-01  -9.388874e-03  -2.115251e-01  7.148229e-01  -5.031903e-03  -2.501831e-03
367  416.500000  7.156533e-01  -8.178325e-03  -2.108215e-01  7.156587e-01  -6.864252e-03  -3.416841e-03
368  417.500000  7.164895e-01  -7.096691e-03  -2.101213e-01  7.164949e-01  -8.381217e-03  -4.174812e-03
369  418.500000  7.173262e-01  -6.178903e-03  -2.094247e-01  7.173315e-01  -9.528138e-03  -4.748405e-03
370  419.500000  7.181633e-01  -5.452807e-03  -2.087314e-01  7.181686e-01  -1.026568e-02  -5.117918e-03
371  420.500000  7.190008e-01  -4.938262e-03  -2.080416e-01  7.190061e-01  -1.057116e-02  -5.271949e-03
372  421.500000  7.198388e-01  -4.646552e-03  -2.073551e-01  7.198440e-01  -1.043915e-02  -5.207710e-03
373  422.500000  7.206773e-01  -4.580160e-03  -2.066721e-01  7.206825e-01  -9.881470e-03  -4.931022e-03
374  423.500000  7.215162e-01  -4.732875e-03  -2.059923e-01  7.215214e-01  -8.926469e-03  -4.455954e-03
375  424.500000  7.223556e-01  -5.090240e-03  -2.053159e-01  7.223608e-01  -7.617664e-03  -3.804156e-03
376  425.500000  7.231956e-01  -5.630320e-03  -2.046429e-01  7.232007e-01  -6.011831e-03  -3.003905e-03
377  426.500000  7.240359e-01  -6.324735e-03  -2.039731e-01  7.240410e-01  -4.176586e-03  -2.088902e-03
378  427.500000  7.248768e-01  -7.139937e-03  -2.033067e-01  7.248819e-01  -2.187592e-03  -1.096874e-03
379  428.500000  7.257181e-01  -8.038658e-03  -2.026435e-01  7.257232e-01  -1.254713e-04  -6.804293e-05
380  429.500000  7.265599e-01  -8.981479e-03  -2.019837e-01  7.265649e-01  1.927413e-03  9.564884e-04
381  430.500000  7.274022e-01  -9.928450e-03  -2.013271e-01  7.274072e-01  3.890216e-03  1.936360e-03
382  431.500000  7.282448e-01  -1.084071e-02  -2.006739e-01  7.282498e-01  5.686756e-03  2.833524e-03
383  432.500000  7.290879e-01  -1.168201e-02  -2.000239e-01  7.290928e-01  7.248439e-03  3.613711e-03
384  433.500000  7.299314e-01  -1.242012e-02  -1.993772e-01  7.299363e-01  8.516845e-03  4.247718e-03
385  434.500000  7.307752e-01  -1.302808e-02  -1.987337e-01  7.307801e-01  9.445887e-03  4.712489e-03
386  435.500000  7.316194e-01  -1.348511e-02  -1.980935e-01  7.316243e-01  1.000345e-02  4.991938e-03
387  436.500000  7.324640e-01  -1.377739e-02  -1.974564e-01  7.324689e-01  1.017245e-02  5.077485e-03
388  437.500000  7.333090e-01  -1.389846e-02  -1.968226e-01  7.333138e-01  9.951365e-03  4.968301e-03
389  438.500000  7.341542e-01  -1.384934e-02  -1.961920e-01  7.341590e-01  9.354001e-03  4.671231e-03
390  439.500000  7.349998e-01  -1.363834e-02  -1.955645e-01  7.350046e-01  8.408826e-03  4.200431e-03
391  440.500000  7.358457e-01  -1.328058e-02  -1.949401e-01  7.358505e-01  7.157618e-03  3.576713e-03
392  441.500000  7.366920e-01  -1.279724e-02  -1.943188e-01  7.366967e-01  5.653678e-03  2.826648e-03
393  442.500000  7.375385e-01  -1.221461e-02  -1.937006e-01  7.375433e-01  3.959569e-03  1.981442e-03
394  443.500000  7.383854e-01  -1.156284e-02  -1.930855e-01  7.383901e-01  2.144552e-03  1.075653e-03
395  444.500000  7.392327e-01  -1.087470e-02  -1.924733e-01  7.392373e-01  2.817751e-04  1.457912e-04
396  445.500000  7.400803e-01  -1.018411e-02  -1.918641e-01  7.400849e-01  -1.554659e-03  -7.711443e-04
397  446.500000  7.409282e-01  -9.524751e-03  -1.912579e-01  7.409328e-01  -3.292602e-03  -1.639122e-03
398  447.500000  7.417765e-01  -8.928609e-03  -1.906546e-01  7.417811e-01  -4.864694e-03  -2.424490e-03
399  448.500000  7.426252e-01  -8.424672e-03  -1.900541e-01  7.426297e-01  -6.210936e-03  -3.097266e-03
400  449.500000  7.434743e-01  -8.037751e-03  -1.894566e-01  7.434788e-01  -7.280973e-03  -3.632271e-03
401  450.500000  7.443238e-01  -7.787391e-03  -1.888619e-01  7.443282e-01  -8.035910e-03  -4.010069e-03
